   0.0000000000000000      -0.98898743653956700      -0.82051512971414142     
   9.9999997764825821E-003 -0.97787863222961424      -0.83114349938837806     
   1.9999999552965164E-002 -0.90423007469553651      -0.90409655604628492     
   2.9999999329447746E-002 -0.90404441135481639      -0.90419944028919064     
   3.9999999105930328E-002 -0.90315973030730046      -0.90491071025466419     
   4.9999998882412910E-002 -0.90417601014763338      -0.90370471594010271     
   5.9999998658895493E-002 -0.90411144555544132      -0.90357643339448834     
   6.9999998435378075E-002 -0.90387095859037336      -0.90362105635299617     
   7.9999998211860657E-002 -0.90382459600826048      -0.90346803123928798     
   8.9999997988343239E-002 -0.90305189434397282      -0.90404187803643876     
   9.9999997764825821E-002 -0.90347360235640806      -0.90342128674255329     
  0.10999999754130840      -0.90315328925335903      -0.90354116054074429     
  0.11999999731779099      -0.90367973195403362      -0.90281429420516202     
  0.12999999709427357      -0.90302628962545450      -0.90326852550380965     
  0.13999999687075615      -0.90287179712567656      -0.90322333491931195     
  0.14999999664723873      -0.90302156517618670      -0.90287436620059636     
  0.15999999642372131      -0.90290395008759317      -0.90279240496480362     
  0.16999999620020390      -0.90284510080099678      -0.90265071315679479     
  0.17999999597668648      -0.90234743870559486      -0.90294845789839395     
  0.18999999575316906      -0.90278799913087415      -0.90230665013466282     
  0.19999999552965164      -0.90244392492770076      -0.90245162649135280     
  0.20999999530613422      -0.90224029946693041      -0.90245469110445364     
  0.21999999508261681      -0.90227140784825222      -0.90222441933101272     
  0.22999999485909939      -0.90218919724125979      -0.90210686644468807     
  0.23999999463558197      -0.90211023564506987      -0.90198544135095882     
  0.24999999441206455      -0.90173856100793504      -0.90215629787103280     
  0.25999999418854713      -0.90204225358059498      -0.90165334696630506     
  0.26999999396502972      -0.90171886230109577      -0.90177519578287746     
  0.27999999374151230      -0.90155623379374927      -0.90173780994443198     
  0.28999999351799488      -0.90160260148393134      -0.90149298743572981     
  0.29999999329447746      -0.90146592456415764      -0.90142820864790740     
  0.30999999307096004      -0.90137030981471422      -0.90132307981548831     
  0.31999999284744263      -0.90110574149066924      -0.90138991089464815     
  0.32999999262392521      -0.90131141560722272      -0.90098232702776504     
  0.33999999240040779      -0.90100411107821443      -0.90109004310911534     
  0.34999999217689037      -0.90087295745983176      -0.90101998770490943     
  0.35999999195337296      -0.90090544422127183      -0.90078828166721381     
  0.36999999172985554      -0.90075809673099239      -0.90073773914948874     
  0.37999999150633812      -0.90066294265615610      -0.90062921889003633     
  0.38999999128282070      -0.90042841089026493      -0.90066575531247606     
  0.39999999105930328      -0.90058007129702899      -0.90031237918999629     
  0.40999999083578587      -0.90032326900967263      -0.90037044278698908     
  0.41999999061226845      -0.90018677064418429      -0.90030802461469306     
  0.42999999038875103      -0.90016882584598046      -0.90012398801513060     
  0.43999999016523361      -0.90006790408432147      -0.90002376973540477     
  0.44999998994171619      -0.89999196065040887      -0.89990193394832318     
  0.45999998971819878      -0.89971902519964297      -0.89997367776663606     
  0.46999998949468136      -0.89982896537580692      -0.89966603707989734     
  0.47999998927116394      -0.89966446093557528      -0.89962867371859467     
  0.48999998904764652      -0.89953445833884482      -0.89955861185621955     
  0.49999998882412910      -0.89940340083291381      -0.89948916276944046     
  0.50999998860061169      -0.89933729361807291      -0.89935433653809094     
  0.51999998837709427      -0.89934908380202960      -0.89914309408118842     
  0.52999998815357685      -0.89907164259851158      -0.89922195332600952     
  0.53999998793005943      -0.89904546995444190      -0.89904683128709528     
  0.54999998770654202      -0.89891457997441260      -0.89898025326854714     
  0.55999998748302460      -0.89892295799898658      -0.89877140529489208     
  0.56999998725950718      -0.89875339725703518      -0.89873998975841141     
  0.57999998703598976      -0.89857859348375424      -0.89871727586130756     
  0.58999998681247234      -0.89855730979260073      -0.89853559165091479     
  0.59999998658895493      -0.89843603361939595      -0.89845760116173301     
  0.60999998636543751      -0.89843810312716377      -0.89825607944143770     
  0.61999998614192009      -0.89818978650437176      -0.89830142590310436     
  0.62999998591840267      -0.89813060087218066      -0.89816302710643547     
  0.63999998569488525      -0.89801280841583353      -0.89807942165309984     
  0.64999998547136784      -0.89797560276917954      -0.89791663230470209     
  0.65999998524785042      -0.89790889307210919      -0.89778390603581293     
  0.66999998502433300      -0.89771618530711250      -0.89777728791843492     
  0.67999998480081558      -0.89764939478225469      -0.89764205966002830     
  0.68999998457729816      -0.89746696089246258      -0.89762771476789527     
  0.69999998435378075      -0.89748409450080047      -0.89740733251775273     
  0.70999998413026333      -0.89735346427386942      -0.89734145168277768     
  0.71999998390674591      -0.89730098755918597      -0.89719281244894944     
  0.72999998368322849      -0.89715607167935485      -0.89713733915885707     
  0.73999998345971107      -0.89701070936701555      -0.89708531248280765     
  0.74999998323619366      -0.89693522117196300      -0.89696310094642029     
  0.75999998301267624      -0.89678381980878363      -0.89691030704401775     
  0.76999998278915882      -0.89678454990794254      -0.89671361041851039     
  0.77999998256564140      -0.89663428137640577      -0.89666112513456198     
  0.78999998234212399      -0.89661609503274264      -0.89647930715837842     
  0.79999998211860657      -0.89645912279343154      -0.89643906414265151     
  0.80999998189508915      -0.89637632050216010      -0.89631842191592004     
  0.81999998167157173      -0.89624457065774810      -0.89625021543560157     
  0.82999998144805431      -0.89611577277270282      -0.89618058492909491     
  0.83999998122453690      -0.89603787854487771      -0.89605751620125329     
  0.84999998100101948      -0.89588448492761263      -0.89601217126633215     
  0.85999998077750206      -0.89585162270314644      -0.89585033478187348     
  0.86999998055398464      -0.89568903062114891      -0.89580765950521724     
  0.87999998033046722      -0.89566335956730858      -0.89563720717811734     
  0.88999998010694981      -0.89551367671970661      -0.89558429510629045     
  0.89999997988343239      -0.89546197761759805      -0.89543334787303974     
  0.90999997965991497      -0.89534149082286185      -0.89535733730685185     
  0.91999997943639755      -0.89525290979620920      -0.89524649388027344     
  0.92999997921288013      -0.89516291184204699      -0.89513554262354944     
  0.93999997898936272      -0.89503709922962726      -0.89506262736667008     
  0.94999997876584530      -0.89497596635840515      -0.89492407022579690     
  0.95999997854232788      -0.89482016968412648      -0.89487556803842594     
  0.96999997831881046      -0.89477479024297679      -0.89472765464955906     
  0.97999997809529305      -0.89460873279801290      -0.89469167406138483     
  0.98999997787177563      -0.89455891729755299      -0.89454221304485937     
  0.99999997764825821      -0.89440323826887203      -0.89449925126392560     
   1.0099999774247408      -0.89433782403639839      -0.89435817838262111     
   1.0199999772012234      -0.89421287117737380      -0.89429105651814567     
   1.0299999769777060      -0.89414168035445052      -0.89416250321927315     
   1.0399999767541885      -0.89404929236936770      -0.89405219438659567     
   1.0499999765306711      -0.89395926339481746      -0.89394034422071444     
   1.0599999763071537      -0.89389113938515052      -0.89381398784132227     
   1.0699999760836363      -0.89375875673925476      -0.89374699084380638     
   1.0799999758601189      -0.89367374547857181      -0.89362725125969900     
   1.0899999756366014      -0.89351073862388053      -0.89359418236130550     
   1.0999999754130840      -0.89345176273307836      -0.89345383469549333     
   1.1099999751895666      -0.89332152452673119      -0.89338250680815645     
   1.1199999749660492      -0.89329841234776597      -0.89320914778385241     
   1.1299999747425318      -0.89314837047990259      -0.89315468515247753     
   1.1399999745190144      -0.89306817382358139      -0.89304019531907242     
   1.1499999742954969      -0.89291012768396072      -0.89299706118938016     
   1.1599999740719795      -0.89287151490947847      -0.89283163301694246     
   1.1699999738484621      -0.89276437784144680      -0.89274882056392468     
   1.1799999736249447      -0.89266402497303210      -0.89264576779882299     
   1.1899999734014273      -0.89251857665188450      -0.89258481310459037     
   1.1999999731779099      -0.89247555794319922      -0.89243528025919849     
   1.2099999729543924      -0.89236418233610071      -0.89234438000717275     
   1.2199999727308750      -0.89223398403757215      -0.89227114682192199     
   1.2299999725073576      -0.89216075267422379      -0.89215053900498775     
   1.2399999722838402      -0.89206722318181964      -0.89204246618332128     
   1.2499999720603228      -0.89193441802031193      -0.89197380071686794     
   1.2599999718368053      -0.89186770200596199      -0.89184622508347000     
   1.2699999716132879      -0.89176180541721428      -0.89175181277248239     
   1.2799999713897705      -0.89164068027033050      -0.89167319834845216     
   1.2899999711662531      -0.89157860503384978      -0.89153057582715023     
   1.2999999709427357      -0.89142918045000474      -0.89148676248386372     
   1.3099999707192183      -0.89138921436648688      -0.89133190083143932     
   1.3199999704957008      -0.89122934442169133      -0.89128539895016134     
   1.3299999702721834      -0.89118811745844428      -0.89112879364144171     
   1.3399999700486660      -0.89103452105907710      -0.89108857825163645     
   1.3499999698251486      -0.89098332058624419      -0.89092835917285662     
   1.3599999696016312      -0.89083705223979714      -0.89088832191281753     
   1.3699999693781137      -0.89077652729079837      -0.89074101959897733     
   1.3799999691545963      -0.89065250966370124      -0.89066712432414286     
   1.3899999689310789      -0.89055738721699063      -0.89056767346288435     
   1.3999999687075615      -0.89047570326763170      -0.89044269247749852     
   1.4099999684840441      -0.89035077457825318      -0.89037308105822843     
   1.4199999682605267      -0.89025597669344092      -0.89026706351513696     
   1.4299999680370092      -0.89018014188143157      -0.89014877669841619     
   1.4399999678134918      -0.89006371463324585      -0.89006036043335757     
   1.4499999675899744      -0.88994102884922643      -0.88999000422662100     
   1.4599999673664570      -0.88987314169831611      -0.88985051984982155     
   1.4699999671429396      -0.88976992726120030      -0.88975880968639032     
   1.4799999669194221      -0.88968931433768184      -0.88964553599454566     
   1.4899999666959047      -0.88954360268069854      -0.88958715900621033     
   1.4999999664723873      -0.88946326089823313      -0.88946007448765096     
   1.5099999662488699      -0.88933215768431395      -0.88940022948484521     
   1.5199999660253525      -0.88927475496984709      -0.88926443684090928     
   1.5299999658018351      -0.88914244013684229      -0.88918388454511976     
   1.5399999655783176      -0.88907574126715505      -0.88905810469449598     
   1.5499999653548002      -0.88895405524890270      -0.88898224647451973     
   1.5599999651312828      -0.88886387606365380      -0.88887471813001817     
   1.5699999649077654      -0.88875501462883744      -0.88878066491405139     
   1.5799999646842480      -0.88864824828683886      -0.88868753756652319     
   1.5899999644607306      -0.88857081086246914      -0.88856726708264555     
   1.5999999642372131      -0.88846063649329343      -0.88848075440170304     
   1.6099999640136957      -0.88840711645349457      -0.88834631870417247     
   1.6199999637901783      -0.88825906802281274      -0.88828322804935922     
   1.6299999635666609      -0.88816819407118053      -0.88817758846794059     
   1.6399999633431435      -0.88807413653307032      -0.88806751460094091     
   1.6499999631196260      -0.88797086036440964      -0.88797288172088773     
   1.6599999628961086      -0.88787136382820753      -0.88787453925466864     
   1.6699999626725912      -0.88777554835163142      -0.88777913236214201     
   1.6799999624490738      -0.88767486993395561      -0.88768082029362361     
   1.6899999622255564      -0.88757612992224677      -0.88756669485187012     
   1.6999999620020390      -0.88747010788694181      -0.88748745557331910     
   1.7099999617785215      -0.88738632511296023      -0.88736646197321567     
   1.7199999615550041      -0.88727422963705016      -0.88727971127351546     
   1.7299999613314867      -0.88717913396803771      -0.88717702700728185     
   1.7399999611079693      -0.88706579754915993      -0.88709975990116141     
   1.7499999608844519      -0.88698182314797924      -0.88698025109532397     
   1.7599999606609344      -0.88690355600628212      -0.88685270579455144     
   1.7699999604374170      -0.88678755116005337      -0.88679002361906800     
   1.7799999602138996      -0.88670121718581119      -0.88666445612322231     
   1.7899999599903822      -0.88659938424169527      -0.88656426761392315     
   1.7999999597668648      -0.88648322148002323      -0.88649683663814327     
   1.8099999595433474      -0.88638859934471270      -0.88638446320110587     
   1.8199999593198299      -0.88628199126572205      -0.88628948681844477     
   1.8299999590963125      -0.88619153572671472      -0.88619103525025911     
   1.8399999588727951      -0.88609517256917492      -0.88608779708737040     
   1.8499999586492777      -0.88600290154660211      -0.88598017276461394     
   1.8599999584257603      -0.88586542076693964      -0.88591398304575364     
   1.8699999582022429      -0.88580524408902017      -0.88577342086910238     
   1.8799999579787254      -0.88570556616620122      -0.88567762976926778     
   1.8899999577552080      -0.88557846454113676      -0.88561004221627249     
   1.8999999575316906      -0.88548288243830098      -0.88550635479103024     
   1.9099999573081732      -0.88540461202672149      -0.88539432252337269     
   1.9199999570846558      -0.88531148376809854      -0.88528567198719721     
   1.9299999568611383      -0.88519655983252077      -0.88520553227534904     
   1.9399999566376209      -0.88509400242490610      -0.88511421445234861     
   1.9499999564141035      -0.88502200163893285      -0.88499235718985647     
   1.9599999561905861      -0.88492360218970745      -0.88490087614117752     
   1.9699999559670687      -0.88480201976221939      -0.88481598378197734     
   1.9799999557435513      -0.88470163072875296      -0.88472086642598091     
   1.9899999555200338      -0.88461358185653471      -0.88461585595147552     
   1.9999999552965164      -0.88452306563150951      -0.88451648859563781     
   2.0099999550729990      -0.88444166488249498      -0.88441236306026039     
   2.0199999548494816      -0.88433107184697157      -0.88431697756552374     
   2.0299999546259642      -0.88424429543551608      -0.88423078599518123     
   2.0399999544024467      -0.88413560322277096      -0.88412596858447046     
   2.0499999541789293      -0.88404801994637583      -0.88403076449945395     
   2.0599999539554119      -0.88395206204626287      -0.88394998144133763     
   2.0699999537318945      -0.88385254682132874      -0.88384170327550959     
   2.0799999535083771      -0.88377525508475840      -0.88374765450591342     
   2.0899999532848597      -0.88368619790827474      -0.88365721688851984     
   2.0999999530613422      -0.88359005263574963      -0.88356085607480894     
   2.1099999528378248      -0.88348494395774835      -0.88349986006143943     
   2.1199999526143074      -0.88343583600866615      -0.88341729184353734     
   2.1299999523907900      -0.88335668584799043      -0.88333614914940317     
   2.1399999521672726      -0.88329016434933005      -0.88329450703963985     
   2.1499999519437551      -0.88325176696049401      -0.88326409391085869     
   2.1599999517202377      -0.88325078225311904      -0.88326285216985334     
   2.1699999514967203      -0.88342075775177797      -0.88341357903475304     
   2.1799999512732029      -0.88459564675884861      -0.88459139423632283     
   2.1899999510496855      -0.86735055658888349      -0.86733704172488035     
   2.1999999508261681      -0.85007286718372010      -0.85008792014266166     
   2.2099999506026506      -0.83529584973346527      -0.83530144853816413     
   2.2199999503791332      -0.82164441039222169      -0.82168818894781503     
   2.2299999501556158      -0.80907026981301655      -0.80911252902690123     
   2.2399999499320984      -0.79748477292522135      -0.79746352658258324     
   2.2499999497085810      -0.78631777184553142      -0.78637321939628058     
   2.2599999494850636      -0.77567086238979632      -0.77569621029314262     
   2.2699999492615461      -0.76536832669456911      -0.76545368301903582     
   2.2799999490380287      -0.75577829023096743      -0.75580398515161662     
   2.2899999488145113      -0.74647278458844202      -0.74650709292462936     
   2.2999999485909939      -0.73779806773294476      -0.73786761469044349     
   2.3099999483674765      -0.72925532436631446      -0.72935035376002433     
   2.3199999481439590      -0.72072183848006988      -0.72069881900088695     
   2.3299999479204416      -0.71140391504237288      -0.71176281882606218     
   2.3399999476969242      -0.70583218005539028      -0.70574741945545272     
   2.3499999474734068      -0.69822091897691307      -0.69820204486460458     
   2.3599999472498894      -0.69122316063187594      -0.69119634676580566     
   2.3699999470263720      -0.68449214248792556      -0.68456715379661259     
   2.3799999468028545      -0.67917550530401982      -0.67917238003349312     
   2.3899999465793371      -0.66889907948163141      -0.66889766059765254     
   2.3999999463558197      -0.66322577255151693      -0.66331553025149870     
   2.4099999461323023      -0.65585484505751501      -0.65587440456795032     
   2.4199999459087849      -0.64243112781863043      -0.64292664744011530     
   2.4299999456852674      -0.63846133954811723      -0.63544865671863271     
   2.4399999454617500      -0.63821804335618504      -0.63440404760231039     
   2.4499999452382326      -0.63754382178309776      -0.63310470531228213     
   2.4599999450147152      -0.63686308844679684      -0.63211837448697394     
   2.4699999447911978      -0.63608012851455509      -0.63088206668335634     
   2.4799999445676804      -0.63492555626035208      -0.62978589286696274     
   2.4899999443441629      -0.60238719602047275      -0.60268444308087776     
   2.4999999441206455      -0.57489441004610198      -0.57465121863049717     
