 -0.10000000149011612      -0.88996462594231085      -0.88995518036658838     
  -9.9000001442618668E-002 -0.88977721766013651      -0.89010230332695006     
  -9.8000001395121217E-002 -0.88989270022833156      -0.88994625570743924     
  -9.7000001347623765E-002 -0.88986560035922302      -0.88993229493522286     
  -9.6000001300126314E-002 -0.88973498261810413      -0.89002224178560296     
  -9.5000001252628863E-002 -0.88989221491734682      -0.88982482290512133     
  -9.4000001205131412E-002 -0.88986274387172493      -0.88981313995336409     
  -9.3000001157633960E-002 -0.88971433063539007      -0.88992133823984532     
  -9.2000001110136509E-002 -0.88976956092198956      -0.88982500911343043     
  -9.1000001062639058E-002 -0.88989847383940757      -0.88965582878950966     
  -9.0000001015141606E-002 -0.88991404465557911      -0.88959872736742829     
  -8.9000000967644155E-002 -0.88984953781393006      -0.88962211592648210     
  -8.8000000920146704E-002 -0.88978449737425935      -0.88964626852255091     
  -8.7000000872649252E-002 -0.88975428815931656      -0.88963522045621390     
  -8.6000000825151801E-002 -0.88976515736792050      -0.88958269653910049     
  -8.5000000777654350E-002 -0.88983062375743038      -0.88947495292116441     
  -8.4000000730156898E-002 -0.88990585051979532      -0.88935764710073606     
  -8.3000000682659447E-002 -0.88977601108548232      -0.88944522562140838     
  -8.2000000635161996E-002 -0.88959324485061975      -0.88958531506502092     
  -8.1000000587664545E-002 -0.88984146549906429      -0.88929376302651797     
  -8.0000000540167093E-002 -0.88959690632080179      -0.88949431911405330     
  -7.9000000492669642E-002 -0.88943138911207509      -0.88961466751607399     
  -7.8000000445172191E-002 -0.88939874120195206      -0.88960165166264771     
  -7.7000000397674739E-002 -0.88963389637693524      -0.88931805928704644     
  -7.6000000350177288E-002 -0.88951165614252570      -0.88938843010753688     
  -7.5000000302679837E-002 -0.88913082708009328      -0.88970693124535005     
  -7.4000000255182385E-002 -0.88882880090250616      -0.88991395314555610     
  -7.3000000207684934E-002 -0.93013783094181712      -0.84864871538029718     
  -7.2000000160187483E-002 -0.93747853667750902      -0.84135992395307013     
  -7.1000000112690032E-002 -0.94214187274701033      -0.83672561411886404     
  -7.0000000065192580E-002 -0.94576099469462460      -0.83312670284565371     
  -6.9000000017695129E-002 -0.94876531655115748      -0.83013698250362511     
  -6.7999999970197678E-002 -0.95131297863713926      -0.82759879825059468     
  -6.6999999922700226E-002 -0.95355292065559660      -0.82536514312557108     
  -6.5999999875202775E-002 -0.95555213912714443      -0.82336923819367080     
  -6.4999999827705324E-002 -0.95735194616803176      -0.82157015507156905     
  -6.3999999780207872E-002 -0.95899462719742357      -0.81992613747942433     
  -6.2999999732710421E-002 -0.96049071892127669      -0.81842650844951315     
  -6.1999999685212970E-002 -0.96186915951999385      -0.81704272209716866     
  -6.0999999637715518E-002 -0.96314548429372593      -0.81575940371309641     
  -5.9999999590218067E-002 -0.96432599381946849      -0.81457024258183697     
  -5.8999999542720616E-002 -0.96543539681144119      -0.81345099850135827     
  -5.7999999495223165E-002 -0.96646868989618195      -0.81240640985063384     
  -5.6999999447725713E-002 -0.96739943035516829      -0.81146206549811961     
  -5.5999999400228262E-002 -0.96830971792355836      -0.81053799259634673     
  -5.4999999352730811E-002 -0.96913519689423666      -0.80969681538188276     
  -5.3999999305233359E-002 -0.96988718476794888      -0.80892738327723923     
  -5.2999999257735908E-002 -0.97060899127488642      -0.80818741360652668     
  -5.1999999210238457E-002 -0.97128844007970994      -0.80748890505096760     
  -5.0999999162741005E-002 -0.97191512799579205      -0.80684175111919665     
  -4.9999999115243554E-002 -0.97248934471776993      -0.80624572003955219     
  -4.8999999067746103E-002 -0.97301912658190759      -0.80569293687050725     
  -4.7999999020248652E-002 -0.97352517861911780      -0.80516325921218679     
  -4.6999998972751200E-002 -0.97401265353977629      -0.80465163540905160     
  -4.5999998925253749E-002 -0.97442564631545447      -0.80421237580404548     
  -4.4999998877756298E-002 -0.97478227763577119      -0.80382781381962043     
  -4.3999998830258846E-002 -0.97517543356434855      -0.80340777572729360     
  -4.2999998782761395E-002 -0.97544693826651363      -0.80310577014340756     
  -4.1999998735263944E-002 -0.97577418020093221      -0.80274966269000048     
  -4.0999998687766492E-002 -0.97597863777556437      -0.80251266084656825     
  -3.9999998640269041E-002 -0.97623386949452939      -0.80222626092235128     
  -3.8999998592771590E-002 -0.97641739276791795      -0.80200937997718413     
  -3.7999998545274138E-002 -0.97653954694192246      -0.80185202113225018     
  -3.6999998497776687E-002 -0.97667743927605377      -0.80167920198601927     
  -3.5999998450279236E-002 -0.97680089999480857      -0.80152036884550826     
  -3.4999998402781785E-002 -0.97687358020094517      -0.80141066434126418     
  -3.3999998355284333E-002 -0.97690437410000863      -0.80134150360252554     
  -3.2999998307786882E-002 -0.97690594627582783      -0.80130059020889188     
  -3.1999998260289431E-002 -0.97688299742168994      -0.80128334856549899     
  -3.0999998212791979E-002 -0.97683539326247315      -0.80128992004373079     
  -2.9999998165294528E-002 -0.97675798208993336      -0.80132533330551559     
  -2.8999998117797077E-002 -0.97663759726932420      -0.80140235926680481     
  -2.7999998070299625E-002 -0.97646712646142630      -0.80152781896655878     
  -2.6999998022802174E-002 -0.97628614142696146      -0.80166344297980208     
  -2.5999997975304723E-002 -0.97611920909134620      -0.80178525884525920     
  -2.4999997927807271E-002 -0.97588329024920162      -0.80197402839699183     
  -2.3999997880309820E-002 -0.97558663548845537      -0.80222163577388284     
  -2.2999997832812369E-002 -0.97533513820301354      -0.80242528846097472     
  -2.1999997785314918E-002 -0.97495962062669317      -0.80274930134589173     
  -2.0999997737817466E-002 -0.97464322745837118      -0.80301587064204782     
  -1.9999997690320015E-002 -0.97420617319479719      -0.80339953749667126     
  -1.8999997642822564E-002 -0.97379293757822794      -0.80376004794639067     
  -1.7999997595325112E-002 -0.97334378842372005      -0.80415541740763385     
  -1.6999997547827661E-002 -0.97281263954148445      -0.80463045334990868     
  -1.5999997500330210E-002 -0.97225356134312024      -0.80513266403117911     
  -1.4999997452832758E-002 -0.97167094965224132      -0.80565774403066537     
  -1.3999997405335307E-002 -0.97104754320798670      -0.80622258084316178     
  -1.2999997357837856E-002 -0.97037410230585242      -0.80683613296671375     
  -1.1999997310340405E-002 -0.96965185496697093      -0.80749729805021220     
  -1.0999997262842953E-002 -0.96889188566225259      -0.80819529364006715     
  -9.9999972153455019E-003 -0.96809330464571086      -0.80893103028628610     
  -8.9999971678480506E-003 -0.96720280950604254      -0.80975647658029426     
  -7.9999971203505993E-003 -0.96626152073604954      -0.81063165520009972     
  -6.9999970728531480E-003 -0.96526582575393094      -0.81156017522827439     
  -5.9999970253556967E-003 -0.96420065608749783      -0.81255678356541328     
  -4.9999969778582454E-003 -0.96303801274742096      -0.81364888889825837     
  -3.9999969303607941E-003 -0.96180193745112974      -0.81481318339029662     
  -2.9999968828633428E-003 -0.96047657277589571      -0.81606527831636322     
  -1.9999968353658915E-003 -0.95904943627710515      -0.81741752070464979     
  -9.9999678786844015E-004 -0.95749129809041622      -0.81889867010067185     
   3.2596290111541748E-009 -0.95579588904868473      -0.82051513524047759     
   1.0000033071264625E-003 -0.95393426368152201      -0.82229555782128516     
   2.0000033546239138E-003 -0.95186884663182980      -0.82427715664025336     
   3.0000034021213651E-003 -0.94957299876371848      -0.82648663924936794     
   4.0000034496188164E-003 -0.94693448526654600      -0.82903481369183163     
   5.0000034971162677E-003 -0.94387948522759058      -0.83199548332579820     
   6.0000035446137190E-003 -0.94015251436700376      -0.83562164299752195     
   7.0000035921111703E-003 -0.93522052984724235      -0.84044189658948532     
   8.0000036396086216E-003 -0.92743829142083212      -0.84808985458246877     
   9.0000036871060729E-003 -0.88740466851677580      -0.88802276869892249     
   1.0000003734603524E-002 -0.88731294784486914      -0.88812123978749380     
   1.1000003782100976E-002 -0.88741227547259183      -0.88800125484957115     
   1.2000003829598427E-002 -0.88749718221887597      -0.88788799303318655     
   1.3000003877095878E-002 -0.88783441813234032      -0.88751879568019953     
   1.4000003924593329E-002 -0.88789034527148269      -0.88742864614167172     
   1.5000003972090781E-002 -0.88770773916515466      -0.88757513153180945     
   1.6000004019588232E-002 -0.88768123691934386      -0.88756609558409971     
   1.7000004067085683E-002 -0.88777599996093792      -0.88743431840312703     
   1.8000004114583135E-002 -0.88783049184169749      -0.88734188188113927     
   1.9000004162080586E-002 -0.88761321558436701      -0.88752228008928880     
   2.0000004209578037E-002 -0.88754695421085950      -0.88755001049414561     
   2.1000004257075489E-002 -0.88754148479749617      -0.88751688712762611     
   2.2000004304572940E-002 -0.88751811416493342      -0.88750168812895691     
   2.3000004352070391E-002 -0.88746931502427551      -0.88751182024633479     
   2.4000004399567842E-002 -0.88742727122254050      -0.88751527830698640     
   2.5000004447065294E-002 -0.88744446434676327      -0.88745915972068212     
   2.6000004494562745E-002 -0.88752558397481141      -0.88733818246522211     
   2.7000004542060196E-002 -0.88752475641638595      -0.88730016305868253     
   2.8000004589557648E-002 -0.88734876645423288      -0.88743629244835931     
   2.9000004637055099E-002 -0.88726211775824115      -0.88748390609021088     
   3.0000004684552550E-002 -0.88739245273490230      -0.88731349298397755     
   3.1000004732050002E-002 -0.88729580815772491      -0.88737093727676575     
   3.2000004779547453E-002 -0.88716760514347037      -0.88745970819410103     
   3.3000004827044904E-002 -0.88731119659050195      -0.88727617065751996     
   3.4000004874542356E-002 -0.88713654735532721      -0.88741109000635765     
   3.5000004922039807E-002 -0.88718652858028335      -0.88732167703937681     
   3.6000004969537258E-002 -0.88716928579568477      -0.88729950960591175     
   3.7000005017034709E-002 -0.88708584183902794      -0.88734342315868142     
   3.8000005064532161E-002 -0.88716818414151888      -0.88722144621287979     
   3.9000005112029612E-002 -0.88703418056725503      -0.88731575719333622     
