   0.0000000000000000      -0.98898743653959598      -0.89993919123073540      -0.82051512971412566     
   1.0000000474974513E-003 -0.98696682367008226      -0.89609629444241801      -0.82618200271386522     
   2.0000000949949026E-003 -0.98541249335357384      -0.88620366323519495      -0.83740697297752265     
   3.0000001424923539E-003 -0.98283909624336496      -0.86097616546228795      -0.86505078994814966     
   4.0000001899898052E-003 -0.97726580966050502      -0.86374026038748430      -0.86768285177000326     
   5.0000002374872565E-003 -0.94285119142614082      -0.92397078509024955      -0.84161512184014220     
   6.0000002849847078E-003 -0.97499283320593533      -0.86635867954555679      -0.86707400732825979     
   7.0000003324821591E-003 -0.96515732815133781      -0.87061708484042455      -0.87241439913052743     
   8.0000003799796104E-003 -0.90553099240198709      -0.90033641081750393      -0.90203392905941693     
   9.0000004274770617E-003 -0.91159934412280930      -0.89792112594744478      -0.89829684046057279     
   1.0000000474974513E-002 -0.90191598786077953      -0.90308988910472499      -0.90279415234414340     
   1.1000000522471964E-002 -0.90780967424757109      -0.89955285187060885      -0.90035319991009144     
   1.2000000569969416E-002 -0.90555957358258266      -0.90037735675742814      -0.90170830541468594     
   1.3000000617466867E-002 -0.90612776048081145      -0.90028759336266995      -0.90114028370529131     
   1.4000000664964318E-002 -0.90627860882419042      -0.90076072985290812      -0.90043020248837069     
   1.5000000712461770E-002 -0.90589879067611467      -0.90105877740948992      -0.90042880736230169     
   1.6000000759959221E-002 -0.90466271561991984      -0.90130882426157088      -0.90132020453952466     
   1.7000000807456672E-002 -0.90351069496101921      -0.90190134358175111      -0.90178805389657202     
   1.8000000854954123E-002 -0.90370220784334643      -0.90208417047170597      -0.90132624669511130     
   1.9000000902451575E-002 -0.90474759172529340      -0.90132479134802224      -0.90094155936873577     
